0 0 2.3198e-08 1.7845e-08 2.3198e-08 6.45667e-07 7.2627e-07 0.999999
0 0.483871 2.3198e-08 1.7845e-08 2.3198e-08 6.48525e-07 7.2627e-07 0.999999
0 0.967742 2.3198e-08 1.7845e-08 2.3198e-08 6.71064e-07 7.26271e-07 0.999999
0 1.45161 2.3198e-08 1.7845e-08 2.3198e-08 8.17734e-07 7.26279e-07 0.999998
0 1.93548 2.31979e-08 1.78449e-08 2.3198e-08 1.72114e-06 7.26344e-07 0.999997
0 2.41935 2.31976e-08 1.78447e-08 2.31976e-08 6.95994e-06 7.26863e-07 0.999992
0 2.90323 2.31969e-08 1.78439e-08 2.31968e-08 3.53144e-05 7.30988e-07 0.999964
0 3.3871 2.31966e-08 1.7843e-08 2.31964e-08 0.000177181 7.63705e-07 0.999822
0 3.87097 2.32022e-08 1.78453e-08 2.32015e-08 0.000826354 1.02416e-06 0.999173
0 4.35484 2.32315e-08 1.78636e-08 2.32297e-08 0.00351065 3.10427e-06 0.996486
0 4.83871 2.33265e-08 1.79265e-08 2.33221e-08 0.0134014 1.97333e-05 0.986579
0 5.32258 2.35787e-08 1.8067e-08 2.35613e-08 0.0452723 0.000151777 0.954576
0 5.80645 2.429e-08 1.82879e-08 2.42081e-08 0.131692 0.001174 0.867134
0 6.29032 2.68661e-08 1.89785e-08 2.66165e-08 0.308281 0.00884955 0.68287
0 6.77419 3.49248e-08 2.47017e-08 3.49992e-08 0.496765 0.0794886 0.423747
0 7.25806 6.02837e-09 1.45729e-08 6.31549e-09 0.0379979 0.95211 0.00989246
0 7.74194 2.76104e-09 4.35124e-09 2.74569e-09 0.0077841 0.991153 0.001063
0 8.22581 6.02837e-09 1.45729e-08 6.31549e-09 0.0379979 0.95211 0.00989246
0 8.70968 3.49248e-08 2.47017e-08 3.49992e-08 0.496765 0.0794886 0.423747
0 9.19355 2.68661e-08 1.89785e-08 2.66165e-08 0.308281 0.00884955 0.68287
0 9.67742 2.429e-08 1.82879e-08 2.42081e-08 0.131692 0.001174 0.867134
0 10.1613 2.35787e-08 1.8067e-08 2.35613e-08 0.0452723 0.000151777 0.954576
0 10.6452 2.33265e-08 1.79265e-08 2.33221e-08 0.0134014 1.97333e-05 0.986579
0 11.129 2.32315e-08 1.78636e-08 2.32297e-08 0.00351065 3.10427e-06 0.996486
0 11.6129 2.32022e-08 1.78453e-08 2.32015e-08 0.000826354 1.02416e-06 0.999173
0 12.0968 2.31966e-08 1.7843e-08 2.31964e-08 0.000177181 7.63705e-07 0.999822
0 12.5806 2.31968e-08 1.78439e-08 2.31968e-08 3.53144e-05 7.30988e-07 0.999964
0 13.0645 2.31976e-08 1.78447e-08 2.31976e-08 6.95994e-06 7.26863e-07 0.999992
0 13.5484 2.31979e-08 1.78449e-08 2.3198e-08 1.72115e-06 7.26344e-07 0.999997
0 14.0323 2.3198e-08 1.7845e-08 2.3198e-08 8.17807e-07 7.26279e-07 0.999998
0 14.5161 2.3198e-08 1.7845e-08 2.3198e-08 6.71602e-07 7.26271e-07 0.999999
0 15 2.3198e-08 1.7845e-08 2.3198e-08 6.52329e-07 7.26271e-07 0.999999
0.483871 0 2.3198e-08 1.7845e-08 2.3198e-08 6.45667e-07 7.2627e-07 0.999999
0.483871 0.483871 2.3198e-08 1.7845e-08 2.3198e-08 6.48525e-07 7.2627e-07 0.999999
0.483871 0.967742 2.3198e-08 1.7845e-08 2.3198e-08 6.71063e-07 7.26271e-07 0.999999
0.483871 1.45161 2.3198e-08 1.7845e-08 2.3198e-08 8.17725e-07 7.26279e-07 0.999998
0.483871 1.93548 2.31979e-08 1.78449e-08 2.3198e-08 1.72108e-06 7.26344e-07 0.999997
0.483871 2.41935 2.31976e-08 1.78447e-08 2.31976e-08 6.95963e-06 7.26864e-07 0.999992
0.483871 2.90323 2.31969e-08 1.78439e-08 2.31968e-08 3.53127e-05 7.30988e-07 0.999964
0.483871 3.3871 2.31966e-08 1.7843e-08 2.31964e-08 0.000177172 7.63705e-07 0.999822
0.483871 3.87097 2.32022e-08 1.78453e-08 2.32015e-08 0.000826314 1.02415e-06 0.999173
0.483871 4.35484 2.32315e-08 1.78636e-08 2.32297e-08 0.00351049 3.10423e-06 0.996486
0.483871 4.83871 2.33265e-08 1.79265e-08 2.3322e-08 0.0134008 1.9733e-05 0.986579
0.483871 5.32258 2.35787e-08 1.80669e-08 2.35613e-08 0.0452704 0.000151774 0.954578
0.483871 5.80645 2.429e-08 1.82879e-08 2.42081e-08 0.131687 0.00117398 0.867139
0.483871 6.29032 2.68661e-08 1.89786e-08 2.66166e-08 0.30827 0.00884944 0.68288
0.483871 6.77419 3.49251e-08 2.47019e-08 3.49995e-08 0.496752 0.0794883 0.423759
0.483871 7.25806 6.02834e-09 1.45729e-08 6.31547e-09 0.0379969 0.95211 0.00989272
0.483871 7.74194 2.76102e-09 4.35121e-09 2.74567e-09 0.00778388 0.991153 0.00106303
0.483871 8.22581 6.02834e-09 1.45729e-08 6.31547e-09 0.0379969 0.95211 0.00989272
0.483871 8.70968 3.49251e-08 2.47019e-08 3.49995e-08 0.496752 0.0794883 0.423759
0.483871 9.19355 2.68661e-08 1.89786e-08 2.66166e-08 0.30827 0.00884944 0.68288
0.483871 9.67742 2.429e-08 1.82879e-08 2.42081e-08 0.131687 0.00117398 0.867139
0.483871 10.1613 2.35787e-08 1.80669e-08 2.35613e-08 0.0452704 0.000151774 0.954578
0.483871 10.6452 2.33265e-08 1.79265e-08 2.3322e-08 0.0134008 1.9733e-05 0.986579
0.483871 11.129 2.32315e-08 1.78636e-08 2.32297e-08 0.00351049 3.10423e-06 0.996486
0.483871 11.6129 2.32022e-08 1.78453e-08 2.32015e-08 0.000826314 1.02415e-06 0.999173
0.483871 12.0968 2.31966e-08 1.7843e-08 2.31964e-08 0.000177172 7.63705e-07 0.999822
0.483871 12.5806 2.31969e-08 1.78439e-08 2.31968e-08 3.53127e-05 7.30988e-07 0.999964
0.483871 13.0645 2.31976e-08 1.78447e-08 2.31976e-08 6.95963e-06 7.26863e-07 0.999992
0.483871 13.5484 2.31979e-08 1.78449e-08 2.3198e-08 1.72109e-06 7.26344e-07 0.999997
0.483871 14.0323 2.3198e-08 1.7845e-08 2.3198e-08 8.17799e-07 7.26279e-07 0.999998
0.483871 14.5161 2.3198e-08 1.7845e-08 2.3198e-08 6.716e-07 7.26271e-07 0.999999
0.483871 15 2.3198e-08 1.7845e-08 2.3198e-08 6.52328e-07 7.26271e-07 0.999999
0.967742 0 2.3198e-08 1.7845e-08 2.3198e-08 6.45666e-07 7.2627e-07 0.999999
0.967742 0.483871 2.3198e-08 1.7845e-08 2.3198e-08 6.48524e-07 7.2627e-07 0.999999
0.967742 0.967742 2.3198e-08 1.7845e-08 2.3198e-08 6.71058e-07 7.26271e-07 0.999999
0.967742 1.45161 2.3198e-08 1.7845e-08 2.3198e-08 8.17697e-07 7.26279e-07 0.999998
0.967742 1.93548 2.31979e-08 1.78449e-08 2.3198e-08 1.72091e-06 7.26344e-07 0.999997
0.967742 2.41935 2.31976e-08 1.78447e-08 2.31976e-08 6.9586e-06 7.26864e-07 0.999992
0.967742 2.90323 2.31969e-08 1.78439e-08 2.31968e-08 3.5307e-05 7.30988e-07 0.999964
0.967742 3.3871 2.31966e-08 1.7843e-08 2.31964e-08 0.000177144 7.63703e-07 0.999822
0.967742 3.87097 2.32022e-08 1.78453e-08 2.32015e-08 0.000826183 1.02414e-06 0.999173
0.967742 4.35484 2.32315e-08 1.78636e-08 2.32297e-08 0.00350994 3.10412e-06 0.996487
0.967742 4.83871 2.33265e-08 1.79265e-08 2.3322e-08 0.0133988 1.9732e-05 0.986581
0.967742 5.32258 2.35786e-08 1.80669e-08 2.35613e-08 0.0452638 0.000151765 0.954584
0.967742 5.80645 2.429e-08 1.82878e-08 2.4208e-08 0.131669 0.00117392 0.867157
0.967742 6.29032 2.68664e-08 1.89787e-08 2.66168e-08 0.308234 0.00884907 0.682916
0.967742 6.77419 3.49258e-08 2.47025e-08 3.50002e-08 0.496711 0.0794873 0.423802
0.967742 7.25806 6.02826e-09 1.45728e-08 6.31538e-09 0.0379934 0.952113 0.00989358
0.967742 7.74194 2.76096e-09 4.35111e-09 2.74561e-09 0.00778315 0.991154 0.00106311
0.967742 8.22581 6.02826e-09 1.45728e-08 6.31538e-09 0.0379934 0.952113 0.00989358
0.967742 8.70968 3.49258e-08 2.47025e-08 3.50002e-08 0.496711 0.0794873 0.423802
0.967742 9.19355 2.68664e-08 1.89787e-08 2.66168e-08 0.308234 0.00884907 0.682916
0.967742 9.67742 2.429e-08 1.82878e-08 2.4208e-08 0.131669 0.00117392 0.867157
0.967742 10.1613 2.35786e-08 1.80669e-08 2.35613e-08 0.0452638 0.000151765 0.954584
0.967742 10.6452 2.33265e-08 1.79265e-08 2.3322e-08 0.0133988 1.9732e-05 0.986581
0.967742 11.129 2.32315e-08 1.78636e-08 2.32297e-08 0.00350994 3.10412e-06 0.996487
0.967742 11.6129 2.32022e-08 1.78453e-08 2.32015e-08 0.000826183 1.02414e-06 0.999173
0.967742 12.0968 2.31966e-08 1.7843e-08 2.31964e-08 0.000177144 7.63703e-07 0.999822
0.967742 12.5806 2.31969e-08 1.78439e-08 2.31968e-08 3.5307e-05 7.30988e-07 0.999964
0.967742 13.0645 2.31976e-08 1.78447e-08 2.31976e-08 6.9586e-06 7.26864e-07 0.999992
0.967742 13.5484 2.31979e-08 1.78449e-08 2.3198e-08 1.72092e-06 7.26344e-07 0.999998
0.967742 14.0323 2.3198e-08 1.7845e-08 2.3198e-08 8.17771e-07 7.26279e-07 0.999998
0.967742 14.5161 2.3198e-08 1.7845e-08 2.3198e-08 6.71596e-07 7.26271e-07 0.999999
0.967742 15 2.3198e-08 1.7845e-08 2.3198e-08 6.52327e-07 7.26271e-07 0.999999
1.45161 0 2.3198e-08 1.7845e-08 2.3198e-08 6.45666e-07 7.2627e-07 0.999999
1.45161 0.483871 2.3198e-08 1.7845e-08 2.3198e-08 6.48523e-07 7.2627e-07 0.999999
1.45161 0.967742 2.3198e-08 1.7845e-08 2.3198e-08 6.71049e-07 7.26271e-07 0.999999
1.45161 1.45161 2.3198e-08 1.7845e-08 2.3198e-08 8.17637e-07 7.26279e-07 0.999998
1.45161 1.93548 2.31979e-08 1.78449e-08 2.3198e-08 1.72054e-06 7.26344e-07 0.999998
1.45161 2.41935 2.31976e-08 1.78447e-08 2.31976e-08 6.9564e-06 7.26864e-07 0.999992
1.45161 2.90323 2.31969e-08 1.78439e-08 2.31968e-08 3.5295e-05 7.30987e-07 0.999964
1.45161 3.3871 2.31966e-08 1.7843e-08 2.31964e-08 0.000177083 7.637e-07 0.999822
1.45161 3.87097 2.32022e-08 1.78453e-08 2.32015e-08 0.000825902 1.02411e-06 0.999173
1.45161 4.35484 2.32315e-08 1.78636e-08 2.32297e-08 0.00350877 3.10386e-06 0.996488
1.45161 4.83871 2.33265e-08 1.79265e-08 2.3322e-08 0.0133945 1.97298e-05 0.986586
1.45161 5.32258 2.35786e-08 1.80668e-08 2.35612e-08 0.0452498 0.000151747 0.954598
1.45161 5.80645 2.429e-08 1.82878e-08 2.4208e-08 0.131631 0.00117378 0.867195
1.45161 6.29032 2.68668e-08 1.89789e-08 2.66172e-08 0.308158 0.00884829 0.682993
1.45161 6.77419 3.49274e-08 2.47037e-08 3.50018e-08 0.496621 0.0794851 0.423893
1.45161 7.25806 6.02809e-09 1.45727e-08 6.3152e-09 0.0379862 0.952118 0.00989541
1.45161 7.74194 2.76082e-09 4.3509e-09 2.74547e-09 0.0077816 0.991155 0.0010633
1.45161 8.22581 6.02809e-09 1.45727e-08 6.3152e-09 0.0379862 0.952118 0.00989541
1.45161 8.70968 3.49274e-08 2.47037e-08 3.50018e-08 0.496621 0.0794851 0.423893
1.45161 9.19355 2.68668e-08 1.89789e-08 2.66172e-08 0.308158 0.00884829 0.682993
1.45161 9.67742 2.429e-08 1.82878e-08 2.4208e-08 0.131631 0.00117378 0.867195
1.45161 10.1613 2.35786e-08 1.80668e-08 2.35612e-08 0.0452498 0.000151747 0.954598
1.45161 10.6452 2.33265e-08 1.79265e-08 2.3322e-08 0.0133945 1.97298e-05 0.986586
1.45161 11.129 2.32315e-08 1.78636e-08 2.32297e-08 0.00350877 3.10386e-06 0.996488
1.45161 11.6129 2.32022e-08 1.78453e-08 2.32015e-08 0.000825902 1.02411e-06 0.999173
1.45161 12.0968 2.31966e-08 1.7843e-08 2.31964e-08 0.000177083 7.637e-07 0.999822
1.45161 12.5806 2.31969e-08 1.78439e-08 2.31968e-08 3.5295e-05 7.30987e-07 0.999964
1.45161 13.0645 2.31976e-08 1.78447e-08 2.31976e-08 6.9564e-06 7.26864e-07 0.999992
1.45161 13.5484 2.31979e-08 1.78449e-08 2.3198e-08 1.72055e-06 7.26344e-07 0.999998
1.45161 14.0323 2.3198e-08 1.7845e-08 2.3198e-08 8.17711e-07 7.26279e-07 0.999998
1.45161 14.5161 2.3198e-08 1.7845e-08 2.3198e-08 6.71587e-07 7.26271e-07 0.999999
1.45161 15 2.3198e-08 1.7845e-08 2.3198e-08 6.52325e-07 7.2627e-07 0.999999
1.93548 0 2.3198e-08 1.7845e-08 2.3198e-08 6.45665e-07 7.2627e-07 0.999999
1.93548 0.483871 2.3198e-08 1.7845e-08 2.3198e-08 6.4852e-07 7.2627e-07 0.999999
1.93548 0.967742 2.3198e-08 1.7845e-08 2.3198e-08 6.71031e-07 7.26271e-07 0.999999
1.93548 1.45161 2.3198e-08 1.7845e-08 2.3198e-08 8.17519e-07 7.26279e-07 0.999998
1.93548 1.93548 2.31979e-08 1.78449e-08 2.3198e-08 1.7198e-06 7.26344e-07 0.999998
1.93548 2.41935 2.31976e-08 1.78447e-08 2.31976e-08 6.95207e-06 7.26864e-07 0.999992
1.93548 2.90323 2.31969e-08 1.78439e-08 2.31968e-08 3.52713e-05 7.30987e-07 0.999964
1.93548 3.3871 2.31966e-08 1.7843e-08 2.31964e-08 0.000176963 7.63694e-07 0.999822
1.93548 3.87097 2.32022e-08 1.78453e-08 2.32015e-08 0.00082535 1.02405e-06 0.999174
1.93548 4.35484 2.32315e-08 1.78636e-08 2.32297e-08 0.00350647 3.10337e-06 0.99649
1.93548 4.83871 2.33264e-08 1.79264e-08 2.33219e-08 0.0133859 1.97256e-05 0.986594
1.93548 5.32258 2.35784e-08 1.80667e-08 2.3561e-08 0.0452221 0.000151711 0.954626
1.93548 5.80645 2.42899e-08 1.82876e-08 2.42079e-08 0.131556 0.00117351 0.86727
1.93548 6.29032 2.68677e-08 1.89795e-08 2.66181e-08 0.308009 0.00884676 0.683145
1.93548 6.77419 3.49304e-08 2.47062e-08 3.50049e-08 0.496446 0.0794808 0.424073
1.93548 7.25806 6.02775e-09 1.45724e-08 6.31484e-09 0.0379719 0.952129 0.00989901
1.93548 7.74194 2.76055e-09 4.35049e-09 2.74519e-09 0.00777854 0.991158 0.00106367
1.93548 8.22581 6.02775e-09 1.45724e-08 6.31484e-09 0.0379719 0.952129 0.00989901
1.93548 8.70968 3.49304e-08 2.47062e-08 3.50049e-08 0.496446 0.0794808 0.424073
1.93548 9.19355 2.68677e-08 1.89795e-08 2.66181e-08 0.308009 0.00884676 0.683145
1.93548 9.67742 2.42899e-08 1.82876e-08 2.42079e-08 0.131556 0.00117351 0.86727
1.93548 10.1613 2.35784e-08 1.80667e-08 2.3561e-08 0.0452221 0.000151711 0.954626
1.93548 10.6452 2.33264e-08 1.79264e-08 2.33219e-08 0.0133859 1.97256e-05 0.986594
1.93548 11.129 2.32315e-08 1.78636e-08 2.32297e-08 0.00350647 3.10337e-06 0.99649
1.93548 11.6129 2.32022e-08 1.78453e-08 2.32015e-08 0.00082535 1.02405e-06 0.999174
1.93548 12.0968 2.31966e-08 1.7843e-08 2.31964e-08 0.000176963 7.63694e-07 0.999822
1.93548 12.5806 2.31969e-08 1.78439e-08 2.31968e-08 3.52713e-05 7.30987e-07 0.999964
1.93548 13.0645 2.31976e-08 1.78447e-08 2.31976e-08 6.95207e-06 7.26864e-07 0.999992
1.93548 13.5484 2.31979e-08 1.78449e-08 2.3198e-08 1.71981e-06 7.26344e-07 0.999998
1.93548 14.0323 2.3198e-08 1.7845e-08 2.3198e-08 8.17593e-07 7.26279e-07 0.999998
1.93548 14.5161 2.3198e-08 1.7845e-08 2.3198e-08 6.71568e-07 7.26271e-07 0.999999
1.93548 15 2.3198e-08 1.7845e-08 2.3198e-08 6.52319e-07 7.2627e-07 0.999999
2.41935 0 2.3198e-08 1.7845e-08 2.3198e-08 6.45664e-07 7.2627e-07 0.999999
2.41935 0.483871 2.3198e-08 1.7845e-08 2.3198e-08 6.48515e-07 7.2627e-07 0.999999
2.41935 0.967742 2.3198e-08 1.7845e-08 2.3198e-08 6.70997e-07 7.26271e-07 0.999999
2.41935 1.45161 2.3198e-08 1.7845e-08 2.3198e-08 8.17291e-07 7.26279e-07 0.999998
2.41935 1.93548 2.31979e-08 1.78449e-08 2.3198e-08 1.71837e-06 7.26344e-07 0.999998
2.41935 2.41935 2.31976e-08 1.78447e-08 2.31976e-08 6.94368e-06 7.26863e-07 0.999992
2.41935 2.90323 2.31969e-08 1.78439e-08 2.31968e-08 3.52254e-05 7.30985e-07 0.999964
2.41935 3.3871 2.31966e-08 1.7843e-08 2.31964e-08 0.000176731 7.63681e-07 0.999822
2.41935 3.87097 2.32022e-08 1.78453e-08 2.32015e-08 0.000824281 1.02394e-06 0.999175
2.41935 4.35484 2.32314e-08 1.78636e-08 2.32297e-08 0.00350203 3.10242e-06 0.996495
2.41935 4.83871 2.33262e-08 1.79263e-08 2.33218e-08 0.0133694 1.97173e-05 0.986611
2.41935 5.32258 2.35781e-08 1.80664e-08 2.35607e-08 0.0451687 0.000151642 0.95468
2.41935 5.80645 2.42897e-08 1.82873e-08 2.42077e-08 0.131411 0.00117299 0.867416
2.41935 6.29032 2.68693e-08 1.89805e-08 2.66197e-08 0.307719 0.00884381 0.683437
2.41935 6.77419 3.49364e-08 2.4711e-08 3.5011e-08 0.496107 0.0794727 0.424421
2.41935 7.25806 6.0271e-09 1.45718e-08 6.31415e-09 0.0379443 0.95215 0.00990595
2.41935 7.74194 2.76003e-09 4.34968e-09 2.74466e-09 0.00777265 0.991163 0.00106438
2.41935 8.22581 6.0271e-09 1.45718e-08 6.31415e-09 0.0379443 0.95215 0.00990595
2.41935 8.70968 3.49364e-08 2.4711e-08 3.5011e-08 0.496107 0.0794727 0.424421
2.41935 9.19355 2.68693e-08 1.89805e-08 2.66197e-08 0.307719 0.00884381 0.683437
2.41935 9.67742 2.42897e-08 1.82873e-08 2.42077e-08 0.131411 0.00117299 0.867416
2.41935 10.1613 2.35781e-08 1.80664e-08 2.35607e-08 0.0451687 0.000151642 0.95468
2.41935 10.6452 2.33262e-08 1.79263e-08 2.33218e-08 0.0133694 1.97173e-05 0.986611
2.41935 11.129 2.32314e-08 1.78636e-08 2.32297e-08 0.00350203 3.10242e-06 0.996495
2.41935 11.6129 2.32022e-08 1.78453e-08 2.32015e-08 0.000824281 1.02394e-06 0.999175
2.41935 12.0968 2.31966e-08 1.7843e-08 2.31964e-08 0.000176731 7.63681e-07 0.999822
2.41935 12.5806 2.31969e-08 1.78439e-08 2.31968e-08 3.52254e-05 7.30985e-07 0.999964
2.41935 13.0645 2.31976e-08 1.78447e-08 2.31976e-08 6.94368e-06 7.26863e-07 0.999992
2.41935 13.5484 2.31979e-08 1.78449e-08 2.3198e-08 1.71838e-06 7.26344e-07 0.999998
2.41935 14.0323 2.3198e-08 1.7845e-08 2.3198e-08 8.17365e-07 7.26279e-07 0.999998
2.41935 14.5161 2.3198e-08 1.7845e-08 2.3198e-08 6.71533e-07 7.26271e-07 0.999999
2.41935 15 2.3198e-08 1.7845e-08 2.3198e-08 6.52309e-07 7.2627e-07 0.999999
2.90323 0 2.3198e-08 1.7845e-08 2.3198e-08 6.45661e-07 7.2627e-07 0.999998
2.90323 0.483871 2.3198e-08 1.7845e-08 2.3198e-08 6.48505e-07 7.2627e-07 0.999999
2.90323 0.967742 2.3198e-08 1.7845e-08 2.3198e-08 6.7093e-07 7.26271e-07 0.999999
2.90323 1.45161 2.3198e-08 1.7845e-08 2.3198e-08 8.16852e-07 7.26279e-07 0.999998
2.90323 1.93548 2.31979e-08 1.78449e-08 2.3198e-08 1.71563e-06 7.26344e-07 0.999997
2.90323 2.41935 2.31976e-08 1.78447e-08 2.31976e-08 6.9276e-06 7.26863e-07 0.999992
2.90323 2.90323 2.31969e-08 1.78439e-08 2.31968e-08 3.51374e-05 7.30982e-07 0.999964
2.90323 3.3871 2.31966e-08 1.7843e-08 2.31964e-08 0.000176287 7.63657e-07 0.999823
2.90323 3.87097 2.32022e-08 1.78454e-08 2.32016e-08 0.000822232 1.02373e-06 0.999177
2.90323 4.35484 2.32314e-08 1.78636e-08 2.32297e-08 0.00349349 3.10057e-06 0.996503
2.90323 4.83871 2.3326e-08 1.79261e-08 2.33215e-08 0.0133378 1.97014e-05 0.986642
2.90323 5.32258 2.35774e-08 1.80659e-08 2.356e-08 0.045066 0.000151509 0.954782
2.90323 5.80645 2.42894e-08 1.82868e-08 2.42073e-08 0.131133 0.00117199 0.867695
2.90323 6.29032 2.68726e-08 1.89824e-08 2.66228e-08 0.307161 0.00883816 0.684
2.90323 6.77419 3.49481e-08 2.47203e-08 3.50227e-08 0.495454 0.0794573 0.425089
2.90323 7.25806 6.02586e-09 1.45707e-08 6.31283e-09 0.0378913 0.95219 0.00991922
2.90323 7.74194 2.75904e-09 4.34815e-09 2.74365e-09 0.00776134 0.991173 0.00106573
2.90323 8.22581 6.02586e-09 1.45707e-08 6.31283e-09 0.0378913 0.95219 0.00991922
2.90323 8.70968 3.49481e-08 2.47203e-08 3.50227e-08 0.495454 0.0794573 0.425089
2.90323 9.19355 2.68726e-08 1.89824e-08 2.66228e-08 0.307161 0.00883816 0.684
2.90323 9.67742 2.42894e-08 1.82868e-08 2.42073e-08 0.131133 0.00117199 0.867695
2.90323 10.1613 2.35774e-08 1.80659e-08 2.356e-08 0.045066 0.000151509 0.954782
2.90323 10.6452 2.3326e-08 1.79261e-08 2.33215e-08 0.0133378 1.97014e-05 0.986642
2.90323 11.129 2.32314e-08 1.78636e-08 2.32297e-08 0.00349349 3.10057e-06 0.996503
2.90323 11.6129 2.32022e-08 1.78454e-08 2.32016e-08 0.000822232 1.02373e-06 0.999177
2.90323 12.0968 2.31966e-08 1.7843e-08 2.31964e-08 0.000176287 7.63657e-07 0.999823
2.90323 12.5806 2.31969e-08 1.78439e-08 2.31968e-08 3.51374e-05 7.30982e-07 0.999964
2.90323 13.0645 2.31976e-08 1.78447e-08 2.31976e-08 6.9276e-06 7.26863e-07 0.999992
2.90323 13.5484 2.31979e-08 1.78449e-08 2.3198e-08 1.71564e-06 7.26344e-07 0.999998
2.90323 14.0323 2.3198e-08 1.7845e-08 2.3198e-08 8.16926e-07 7.26279e-07 0.999998
2.90323 14.5161 2.3198e-08 1.7845e-08 2.3198e-08 6.71465e-07 7.26271e-07 0.999999
2.90323 15 2.3198e-08 1.7845e-08 2.3198e-08 6.5229e-07 7.2627e-07 0.999999
3.3871 0 2.3198e-08 1.7845e-08 2.3198e-08 6.45656e-07 7.2627e-07 0.999998
3.3871 0.483871 2.3198e-08 1.7845e-08 2.3198e-08 6.48487e-07 7.2627e-07 0.999999
3.3871 0.967742 2.3198e-08 1.7845e-08 2.3198e-08 6.70804e-07 7.26271e-07 0.999999
3.3871 1.45161 2.3198e-08 1.7845e-08 2.3198e-08 8.1602e-07 7.26279e-07 0.999998
3.3871 1.93548 2.31979e-08 1.78449e-08 2.3198e-08 1.71043e-06 7.26344e-07 0.999997
3.3871 2.41935 2.31976e-08 1.78447e-08 2.31976e-08 6.89709e-06 7.26862e-07 0.999992
3.3871 2.90323 2.31969e-08 1.7844e-08 2.31968e-08 3.49705e-05 7.30977e-07 0.999964
3.3871 3.3871 2.31966e-08 1.78431e-08 2.31964e-08 0.000175444 7.63609e-07 0.999824
3.3871 3.87097 2.32022e-08 1.78454e-08 2.32016e-08 0.00081834 1.02332e-06 0.999181
3.3871 4.35484 2.32313e-08 1.78635e-08 2.32295e-08 0.00347727 3.09697e-06 0.99652
3.3871 4.83871 2.33254e-08 1.79257e-08 2.3321e-08 0.0132775 1.96704e-05 0.986703
3.3871 5.32258 2.35762e-08 1.80648e-08 2.35588e-08 0.0448704 0.00015125 0.954978
3.3871 5.80645 2.4289e-08 1.82858e-08 2.42067e-08 0.130602 0.00117006 0.868228
3.3871 6.29032 2.68791e-08 1.89863e-08 2.66291e-08 0.306097 0.00882727 0.685075
3.3871 6.77419 3.49706e-08 2.47384e-08 3.50456e-08 0.494206 0.0794275 0.426367
3.3871 7.25806 6.02354e-09 1.45688e-08 6.31037e-09 0.0377896 0.952266 0.00994438
3.3871 7.74194 2.75717e-09 4.34526e-09 2.74175e-09 0.00773964 0.991192 0.00106825
3.3871 8.22581 6.02354e-09 1.45688e-08 6.31037e-09 0.0377896 0.952266 0.00994438
3.3871 8.70968 3.49706e-08 2.47384e-08 3.50456e-08 0.494206 0.0794275 0.426367
3.3871 9.19355 2.68791e-08 1.89863e-08 2.66291e-08 0.306097 0.00882727 0.685075
3.3871 9.67742 2.4289e-08 1.82858e-08 2.42067e-08 0.130602 0.00117006 0.868228
3.3871 10.1613 2.35762e-08 1.80648e-08 2.35588e-08 0.0448704 0.00015125 0.954978
3.3871 10.6452 2.33254e-08 1.79257e-08 2.3321e-08 0.0132775 1.96704e-05 0.986703
3.3871 11.129 2.32313e-08 1.78635e-08 2.32295e-08 0.00347727 3.09697e-06 0.996519
3.3871 11.6129 2.32022e-08 1.78454e-08 2.32016e-08 0.00081834 1.02332e-06 0.999181
3.3871 12.0968 2.31966e-08 1.78431e-08 2.31964e-08 0.000175444 7.63609e-07 0.999824
3.3871 12.5806 2.31969e-08 1.7844e-08 2.31968e-08 3.49705e-05 7.30977e-07 0.999964
3.3871 13.0645 2.31976e-08 1.78447e-08 2.31976e-08 6.89709e-06 7.26862e-07 0.999992
3.3871 13.5484 2.31979e-08 1.78449e-08 2.3198e-08 1.71044e-06 7.26344e-07 0.999997
3.3871 14.0323 2.3198e-08 1.7845e-08 2.3198e-08 8.16093e-07 7.26279e-07 0.999998
3.3871 14.5161 2.3198e-08 1.7845e-08 2.3198e-08 6.71336e-07 7.26271e-07 0.999999
3.3871 15 2.3198e-08 1.7845e-08 2.3198e-08 6.52254e-07 7.2627e-07 0.999999
3.87097 0 2.3198e-08 1.7845e-08 2.3198e-08 6.45647e-07 7.2627e-07 0.999998
3.87097 0.483871 2.3198e-08 1.7845e-08 2.3198e-08 6.48452e-07 7.2627e-07 0.999999
3.87097 0.967742 2.3198e-08 1.7845e-08 2.3198e-08 6.70569e-07 7.26271e-07 0.999999
3.87097 1.45161 2.3198e-08 1.7845e-08 2.3198e-08 8.14471e-07 7.26279e-07 0.999998
3.87097 1.93548 2.31979e-08 1.78449e-08 2.3198e-08 1.70076e-06 7.26344e-07 0.999997
3.87097 2.41935 2.31976e-08 1.78447e-08 2.31976e-08 6.84035e-06 7.26861e-07 0.999992
3.87097 2.90323 2.31969e-08 1.7844e-08 2.31969e-08 3.46601e-05 7.30966e-07 0.999965
3.87097 3.3871 2.31967e-08 1.78431e-08 2.31965e-08 0.000173875 7.63515e-07 0.999825
3.87097 3.87097 2.32022e-08 1.78454e-08 2.32016e-08 0.000811092 1.0225e-06 0.999188
3.87097 4.35484 2.3231e-08 1.78634e-08 2.32293e-08 0.00344702 3.0899e-06 0.99655
3.87097 4.83871 2.33244e-08 1.7925e-08 2.33199e-08 0.013165 1.96097e-05 0.986815
3.87097 5.32258 2.35741e-08 1.80628e-08 2.35565e-08 0.0445042 0.000150748 0.955345
3.87097 5.80645 2.42883e-08 1.82842e-08 2.42058e-08 0.129604 0.00116631 0.86923
3.87097 6.29032 2.68918e-08 1.89941e-08 2.66414e-08 0.304093 0.00880602 0.687101
3.87097 6.77419 3.50141e-08 2.47733e-08 3.50897e-08 0.491846 0.0793669 0.428787
3.87097 7.25806 6.0192e-09 1.45655e-08 6.30577e-09 0.0375955 0.952413 0.00999139
3.87097 7.74194 2.75363e-09 4.33981e-09 2.73815e-09 0.00769803 0.991229 0.0010729
3.87097 8.22581 6.0192e-09 1.45655e-08 6.30577e-09 0.0375955 0.952413 0.00999139
3.87097 8.70968 3.50141e-08 2.47733e-08 3.50897e-08 0.491846 0.0793669 0.428787
3.87097 9.19355 2.68918e-08 1.89941e-08 2.66414e-08 0.304093 0.00880602 0.687101
3.87097 9.67742 2.42883e-08 1.82842e-08 2.42058e-08 0.129604 0.00116631 0.86923
3.87097 10.1613 2.35741e-08 1.80628e-08 2.35565e-08 0.0445042 0.000150748 0.955345
3.87097 10.6452 2.33244e-08 1.7925e-08 2.33199e-08 0.013165 1.96097e-05 0.986815
3.87097 11.129 2.3231e-08 1.78634e-08 2.32293e-08 0.00344702 3.0899e-06 0.99655
3.87097 11.6129 2.32022e-08 1.78454e-08 2.32016e-08 0.000811092 1.0225e-06 0.999188
3.87097 12.0968 2.31967e-08 1.78431e-08 2.31965e-08 0.000173875 7.63515e-07 0.999825
3.87097 12.5806 2.31969e-08 1.7844e-08 2.31969e-08 3.46601e-05 7.30966e-07 0.999965
3.87097 13.0645 2.31976e-08 1.78447e-08 2.31976e-08 6.84035e-06 7.26861e-07 0.999992
3.87097 13.5484 2.31979e-08 1.78449e-08 2.3198e-08 1.70077e-06 7.26344e-07 0.999997
3.87097 14.0323 2.3198e-08 1.7845e-08 2.3198e-08 8.14543e-07 7.26279e-07 0.999998
3.87097 14.5161 2.3198e-08 1.7845e-08 2.3198e-08 6.71097e-07 7.26271e-07 0.999999
3.87097 15 2.3198e-08 1.7845e-08 2.3198e-08 6.52185e-07 7.2627e-07 0.999999
4.35484 0 2.3198e-08 1.7845e-08 2.3198e-08 6.45629e-07 7.2627e-07 0.999998
4.35484 0.483871 2.3198e-08 1.7845e-08 2.3198e-08 6.48389e-07 7.2627e-07 0.999999
4.35484 0.967742 2.3198e-08 1.7845e-08 2.3198e-08 6.70144e-07 7.26271e-07 0.999999
4.35484 1.45161 2.3198e-08 1.7845e-08 2.3198e-08 8.11674e-07 7.26279e-07 0.999998
4.35484 1.93548 2.31979e-08 1.78449e-08 2.3198e-08 1.68332e-06 7.26343e-07 0.999997
4.35484 2.41935 2.31976e-08 1.78447e-08 2.31976e-08 6.73799e-06 7.26858e-07 0.999992
4.35484 2.90323 2.31969e-08 1.7844e-08 2.31969e-08 3.40999e-05 7.30944e-07 0.999965
4.35484 3.3871 2.31967e-08 1.78432e-08 2.31965e-08 0.000171042 7.63325e-07 0.999828
4.35484 3.87097 2.32022e-08 1.78455e-08 2.32016e-08 0.000797987 1.02087e-06 0.999201
4.35484 4.35484 2.32305e-08 1.78631e-08 2.32288e-08 0.00339222 3.07595e-06 0.996605
4.35484 4.83871 2.33225e-08 1.79235e-08 2.33181e-08 0.0129606 1.94908e-05 0.98702
4.35484 5.32258 2.35703e-08 1.80593e-08 2.35526e-08 0.0438366 0.000149765 0.956014
4.35484 5.80645 2.42877e-08 1.82817e-08 2.42047e-08 0.127779 0.00115898 0.871063
4.35484 6.29032 2.69158e-08 1.90095e-08 2.66648e-08 0.3004 0.00876378 0.690836
4.35484 6.77419 3.50957e-08 2.48392e-08 3.51726e-08 0.487467 0.0792345 0.433298
4.35484 7.25806 6.01102e-09 1.45599e-08 6.29713e-09 0.0372272 0.952696 0.0100774
4.35484 7.74194 2.7469e-09 4.32942e-09 2.73128e-09 0.00761841 0.9913 0.00108122
4.35484 8.22581 6.01102e-09 1.45599e-08 6.29713e-09 0.0372272 0.952696 0.0100774
4.35484 8.70968 3.50957e-08 2.48392e-08 3.51726e-08 0.487467 0.0792345 0.433298
4.35484 9.19355 2.69158e-08 1.90095e-08 2.66648e-08 0.3004 0.00876378 0.690836
4.35484 9.67742 2.42877e-08 1.82817e-08 2.42047e-08 0.127779 0.00115898 0.871063
4.35484 10.1613 2.35703e-08 1.80593e-08 2.35526e-08 0.0438366 0.000149765 0.956014
4.35484 10.6452 2.33225e-08 1.79235e-08 2.33181e-08 0.0129606 1.94908e-05 0.98702
4.35484 11.129 2.32305e-08 1.78631e-08 2.32288e-08 0.00339222 3.07595e-06 0.996605
4.35484 11.6129 2.32022e-08 1.78455e-08 2.32016e-08 0.000797987 1.02087e-06 0.999201
4.35484 12.0968 2.31967e-08 1.78432e-08 2.31965e-08 0.000171042 7.63325e-07 0.999828
4.35484 12.5806 2.31969e-08 1.7844e-08 2.31969e-08 3.40999e-05 7.30944e-07 0.999965
4.35484 13.0645 2.31976e-08 1.78447e-08 2.31976e-08 6.73799e-06 7.26859e-07 0.999992
4.35484 13.5484 2.31979e-08 1.78449e-08 2.3198e-08 1.68333e-06 7.26343e-07 0.999997
4.35484 14.0323 2.3198e-08 1.7845e-08 2.3198e-08 8.11745e-07 7.26279e-07 0.999998
4.35484 14.5161 2.3198e-08 1.7845e-08 2.3198e-08 6.70663e-07 7.26271e-07 0.999999
4.35484 15 2.3198e-08 1.7845e-08 2.3198e-08 6.52062e-07 7.2627e-07 0.999999
4.83871 0 2.3198e-08 1.7845e-08 2.3198e-08 6.45599e-07 7.2627e-07 0.999999
4.83871 0.483871 2.3198e-08 1.7845e-08 2.3198e-08 6.4828e-07 7.2627e-07 0.999999
4.83871 0.967742 2.3198e-08 1.7845e-08 2.3198e-08 6.69406e-07 7.26271e-07 0.999999
4.83871 1.45161 2.3198e-08 1.7845e-08 2.3198e-08 8.06829e-07 7.26279e-07 0.999998
4.83871 1.93548 2.3198e-08 1.78449e-08 2.3198e-08 1.65312e-06 7.26343e-07 0.999997
4.83871 2.41935 2.31976e-08 1.78447e-08 2.31976e-08 6.56086e-06 7.26853e-07 0.999993
4.83871 2.90323 2.3197e-08 1.7844e-08 2.31969e-08 3.31303e-05 7.30899e-07 0.999966
4.83871 3.3871 2.31968e-08 1.78432e-08 2.31966e-08 0.000166134 7.62946e-07 0.999833
4.83871 3.87097 2.32021e-08 1.78455e-08 2.32015e-08 0.000775258 1.01766e-06 0.999223
4.83871 4.35484 2.32296e-08 1.78626e-08 2.32279e-08 0.00329698 3.04862e-06 0.9967
4.83871 4.83871 2.33192e-08 1.79211e-08 2.33148e-08 0.0126042 1.92592e-05 0.987377
4.83871 5.32258 2.35641e-08 1.80535e-08 2.35462e-08 0.0426674 0.000147856 0.957184
4.83871 5.80645 2.42873e-08 1.82784e-08 2.42035e-08 0.12456 0.00114465 0.874295
4.83871 6.29032 2.6959e-08 1.90383e-08 2.67071e-08 0.293825 0.00867874 0.697496
4.83871 6.77419 3.52438e-08 2.49571e-08 3.53229e-08 0.479569 0.078928 0.441503
4.83871 7.25806 5.99565e-09 1.45486e-08 6.28085e-09 0.0365389 0.953232 0.0102296
4.83871 7.74194 2.73418e-09 4.30909e-09 2.71822e-09 0.00746764 0.991438 0.00109557
4.83871 8.22581 5.99565e-09 1.45486e-08 6.28085e-09 0.0365389 0.953232 0.0102296
4.83871 8.70968 3.52438e-08 2.49571e-08 3.53229e-08 0.479569 0.078928 0.441503
4.83871 9.19355 2.6959e-08 1.90383e-08 2.67071e-08 0.293825 0.00867874 0.697496
4.83871 9.67742 2.42873e-08 1.82784e-08 2.42035e-08 0.12456 0.00114465 0.874295
4.83871 10.1613 2.35641e-08 1.80535e-08 2.35462e-08 0.0426674 0.000147856 0.957184
4.83871 10.6452 2.33192e-08 1.79211e-08 2.33148e-08 0.0126042 1.92592e-05 0.987377
4.83871 11.129 2.32296e-08 1.78626e-08 2.32279e-08 0.00329698 3.04862e-06 0.9967
4.83871 11.6129 2.32021e-08 1.78455e-08 2.32015e-08 0.000775258 1.01766e-06 0.999223
4.83871 12.0968 2.31968e-08 1.78432e-08 2.31966e-08 0.000166134 7.62946e-07 0.999833
4.83871 12.5806 2.3197e-08 1.7844e-08 2.31969e-08 3.31303e-05 7.30899e-07 0.999966
4.83871 13.0645 2.31976e-08 1.78447e-08 2.31976e-08 6.56086e-06 7.26853e-07 0.999993
4.83871 13.5484 2.3198e-08 1.78449e-08 2.3198e-08 1.65313e-06 7.26343e-07 0.999997
4.83871 14.0323 2.3198e-08 1.7845e-08 2.3198e-08 8.06899e-07 7.26279e-07 0.999998
4.83871 14.5161 2.3198e-08 1.7845e-08 2.3198e-08 6.69911e-07 7.26271e-07 0.999999
4.83871 15 2.3198e-08 1.7845e-08 2.3198e-08 6.51848e-07 7.2627e-07 0.999999
5.32258 0 2.3198e-08 1.7845e-08 2.3198e-08 6.4555e-07 7.2627e-07 0.999999
5.32258 0.483871 2.3198e-08 1.7845e-08 2.3198e-08 6.481e-07 7.2627e-07 0.999999
5.32258 0.967742 2.3198e-08 1.7845e-08 2.3198e-08 6.6819e-07 7.26271e-07 0.999999
5.32258 1.45161 2.3198e-08 1.7845e-08 2.3198e-08 7.98851e-07 7.26279e-07 0.999998
5.32258 1.93548 2.3198e-08 1.78449e-08 2.3198e-08 1.60344e-06 7.26341e-07 0.999998
5.32258 2.41935 2.31977e-08 1.78447e-08 2.31977e-08 6.26964e-06 7.26842e-07 0.999993
5.32258 2.90323 2.3197e-08 1.78441e-08 2.3197e-08 3.15363e-05 7.3081e-07 0.999968
5.32258 3.3871 2.31969e-08 1.78434e-08 2.31967e-08 0.000158063 7.62201e-07 0.999841
5.32258 3.87097 2.32019e-08 1.78455e-08 2.32013e-08 0.00073783 1.01142e-06 0.999261
5.32258 4.35484 2.3228e-08 1.78616e-08 2.32264e-08 0.00313982 2.9961e-06 0.996857
5.32258 4.83871 2.3314e-08 1.7917e-08 2.33096e-08 0.0120142 1.88173e-05 0.987967
5.32258 5.32258 2.35542e-08 1.80445e-08 2.35359e-08 0.0407226 0.000144225 0.959132
5.32258 5.80645 2.42872e-08 1.82741e-08 2.42023e-08 0.119165 0.00111714 0.879717
5.32258 6.29032 2.70311e-08 1.90872e-08 2.67775e-08 0.282641 0.00850841 0.708851
5.32258 6.77419 3.55042e-08 2.51518e-08 3.55854e-08 0.465852 0.0782098 0.455938
5.32258 7.25806 5.97056e-09 1.45259e-08 6.25363e-09 0.0352942 0.954216 0.0104896
5.32258 7.74194 2.71315e-09 4.27065e-09 2.69601e-09 0.00719239 0.991688 0.00111963
5.32258 8.22581 5.97056e-09 1.45259e-08 6.25363e-09 0.0352942 0.954216 0.0104896
5.32258 8.70968 3.55042e-08 2.51518e-08 3.55854e-08 0.465852 0.0782098 0.455938
5.32258 9.19355 2.70311e-08 1.90872e-08 2.67775e-08 0.282641 0.00850841 0.708851
5.32258 9.67742 2.42872e-08 1.82741e-08 2.42023e-08 0.119165 0.00111714 0.879717
5.32258 10.1613 2.35542e-08 1.80445e-08 2.35359e-08 0.0407226 0.000144225 0.959132
5.32258 10.6452 2.3314e-08 1.7917e-08 2.33096e-08 0.0120142 1.88173e-05 0.987967
5.32258 11.129 2.3228e-08 1.78616e-08 2.32264e-08 0.00313982 2.9961e-06 0.996857
5.32258 11.6129 2.32019e-08 1.78455e-08 2.32013e-08 0.00073783 1.01142e-06 0.999261
5.32258 12.0968 2.31969e-08 1.78434e-08 2.31967e-08 0.000158063 7.62201e-07 0.999841
5.32258 12.5806 2.3197e-08 1.78441e-08 2.3197e-08 3.15363e-05 7.3081e-07 0.999968
5.32258 13.0645 2.31977e-08 1.78447e-08 2.31977e-08 6.26964e-06 7.26843e-07 0.999993
5.32258 13.5484 2.3198e-08 1.78449e-08 2.3198e-08 1.60345e-06 7.26341e-07 0.999997
5.32258 14.0323 2.3198e-08 1.7845e-08 2.3198e-08 7.98917e-07 7.26279e-07 0.999998
5.32258 14.5161 2.3198e-08 1.7845e-08 2.3198e-08 6.6867e-07 7.26271e-07 0.999999
5.32258 15 2.3198e-08 1.7845e-08 2.3198e-08 6.51494e-07 7.2627e-07 0.999999
5.80645 0 2.3198e-08 1.7845e-08 2.3198e-08 6.45472e-07 7.2627e-07 0.999999
5.80645 0.483871 2.3198e-08 1.7845e-08 2.3198e-08 6.47818e-07 7.2627e-07 0.999999
5.80645 0.967742 2.3198e-08 1.7845e-08 2.3198e-08 6.66298e-07 7.26271e-07 0.999999
5.80645 1.45161 2.3198e-08 1.7845e-08 2.3198e-08 7.8646e-07 7.26279e-07 0.999998
5.80645 1.93548 2.3198e-08 1.78449e-08 2.3198e-08 1.52639e-06 7.26339e-07 0.999998
5.80645 2.41935 2.31977e-08 1.78447e-08 2.31977e-08 5.81821e-06 7.26821e-07 0.999993
5.80645 2.90323 2.31971e-08 1.78442e-08 2.31971e-08 2.9066e-05 7.30633e-07 0.99997
5.80645 3.3871 2.3197e-08 1.78435e-08 2.31968e-08 0.00014555 7.6076e-07 0.999854
5.80645 3.87097 2.32016e-08 1.78454e-08 2.3201e-08 0.000679752 9.99574e-07 0.999319
5.80645 4.35484 2.32255e-08 1.786e-08 2.3224e-08 0.00289552 2.89793e-06 0.997102
5.80645 4.83871 2.3306e-08 1.79109e-08 2.33016e-08 0.0110945 1.80025e-05 0.988888
5.80645 5.32258 2.35391e-08 1.8031e-08 2.35203e-08 0.037678 0.000137574 0.962184
5.80645 5.80645 2.42861e-08 1.82678e-08 2.41993e-08 0.110648 0.00106633 0.888286
5.80645 6.29032 2.71457e-08 1.91581e-08 2.68876e-08 0.264647 0.00817889 0.727175
5.80645 6.77419 3.59751e-08 2.54406e-08 3.60519e-08 0.443107 0.0765933 0.4803
5.80645 7.25806 5.95894e-09 1.45233e-08 6.23801e-09 0.0332065 0.955862 0.0109309
5.80645 7.74194 2.69883e-09 4.22503e-09 2.67815e-09 0.00674674 0.992088 0.00116464
5.80645 8.22581 5.95894e-09 1.45233e-08 6.23801e-09 0.0332065 0.955862 0.0109309
5.80645 8.70968 3.59751e-08 2.54406e-08 3.60519e-08 0.443107 0.0765933 0.4803
5.80645 9.19355 2.71457e-08 1.91581e-08 2.68876e-08 0.264647 0.00817889 0.727175
5.80645 9.67742 2.42861e-08 1.82678e-08 2.41993e-08 0.110648 0.00106633 0.888286
5.80645 10.1613 2.35391e-08 1.8031e-08 2.35203e-08 0.037678 0.000137574 0.962184
5.80645 10.6452 2.3306e-08 1.79109e-08 2.33016e-08 0.0110945 1.80025e-05 0.988888
5.80645 11.129 2.32255e-08 1.786e-08 2.3224e-08 0.00289552 2.89793e-06 0.997102
5.80645 11.6129 2.32016e-08 1.78454e-08 2.3201e-08 0.000679752 9.99574e-07 0.999319
5.80645 12.0968 2.3197e-08 1.78435e-08 2.31968e-08 0.00014555 7.6076e-07 0.999854
5.80645 12.5806 2.31971e-08 1.78442e-08 2.31971e-08 2.9066e-05 7.30633e-07 0.99997
5.80645 13.0645 2.31977e-08 1.78447e-08 2.31977e-08 5.81821e-06 7.26821e-07 0.999993
5.80645 13.5484 2.3198e-08 1.78449e-08 2.3198e-08 1.52639e-06 7.26339e-07 0.999998
5.80645 14.0323 2.3198e-08 1.7845e-08 2.3198e-08 7.86521e-07 7.26279e-07 0.999998
5.80645 14.5161 2.3198e-08 1.7845e-08 2.3198e-08 6.6674e-07 7.26271e-07 0.999999
5.80645 15 2.3198e-08 1.7845e-08 2.3198e-08 6.50942e-07 7.2627e-07 0.999999
6.29032 0 2.3198e-08 1.7845e-08 2.3198e-08 6.4536e-07 7.2627e-07 0.999999
6.29032 0.483871 2.3198e-08 1.7845e-08 2.3198e-08 6.4741e-07 7.2627e-07 0.999999
6.29032 0.967742 2.3198e-08 1.7845e-08 2.3198e-08 6.63555e-07 7.26271e-07 0.999999
6.29032 1.45161 2.3198e-08 1.7845e-08 2.3198e-08 7.68501e-07 7.26278e-07 0.999998
6.29032 1.93548 2.3198e-08 1.78449e-08 2.3198e-08 1.41471e-06 7.26334e-07 0.999998
6.29032 2.41935 2.31977e-08 1.78448e-08 2.31977e-08 5.16393e-06 7.26778e-07 0.999994
6.29032 2.90323 2.31973e-08 1.78443e-08 2.31972e-08 2.54838e-05 7.30293e-07 0.999974
6.29032 3.3871 2.31971e-08 1.78437e-08 2.31969e-08 0.00012739 7.58039e-07 0.999872
6.29032 3.87097 2.3201e-08 1.78452e-08 2.32005e-08 0.000595338 9.7765e-07 0.999403
6.29032 4.35484 2.32219e-08 1.78577e-08 2.32205e-08 0.00253973 2.72018e-06 0.997458
6.29032 4.83871 2.32943e-08 1.79021e-08 2.32899e-08 0.00975153 1.65583e-05 0.990232
6.29032 5.32258 2.35161e-08 1.80116e-08 2.34968e-08 0.0332137 0.000125977 0.96666
6.29032 5.80645 2.42803e-08 1.82547e-08 2.41904e-08 0.0980531 0.000977775 0.900969
6.29032 6.29032 2.73276e-08 1.92382e-08 2.70565e-08 0.23743 0.00758109 0.754989
6.29032 6.77419 3.69075e-08 2.58385e-08 3.69642e-08 0.407312 0.0731985 0.519489
6.29032 7.25806 6.13084e-09 1.49596e-08 6.41605e-09 0.0303748 0.957779 0.0118476
6.29032 7.74194 2.80219e-09 4.39455e-09 2.77679e-09 0.00633345 0.992355 0.00131279
6.29032 8.22581 6.13084e-09 1.49596e-08 6.41605e-09 0.0303748 0.957779 0.0118476
6.29032 8.70968 3.69075e-08 2.58385e-08 3.69642e-08 0.407312 0.0731985 0.519489
6.29032 9.19355 2.73276e-08 1.92382e-08 2.70565e-08 0.23743 0.00758109 0.754989
6.29032 9.67742 2.42803e-08 1.82547e-08 2.41904e-08 0.0980531 0.000977775 0.900969
6.29032 10.1613 2.35161e-08 1.80116e-08 2.34968e-08 0.0332137 0.000125977 0.96666
6.29032 10.6452 2.32943e-08 1.79021e-08 2.32899e-08 0.00975153 1.65583e-05 0.990232
6.29032 11.129 2.32219e-08 1.78577e-08 2.32205e-08 0.00253973 2.72018e-06 0.997458
6.29032 11.6129 2.3201e-08 1.78452e-08 2.32005e-08 0.000595338 9.7765e-07 0.999403
6.29032 12.0968 2.31971e-08 1.78437e-08 2.31969e-08 0.00012739 7.58039e-07 0.999872
6.29032 12.5806 2.31973e-08 1.78443e-08 2.31972e-08 2.54838e-05 7.30293e-07 0.999974
6.29032 13.0645 2.31977e-08 1.78448e-08 2.31977e-08 5.16393e-06 7.26778e-07 0.999994
6.29032 13.5484 2.3198e-08 1.78449e-08 2.3198e-08 1.41472e-06 7.26334e-07 0.999998
6.29032 14.0323 2.3198e-08 1.7845e-08 2.3198e-08 7.68554e-07 7.26278e-07 0.999998
6.29032 14.5161 2.3198e-08 1.7845e-08 2.3198e-08 6.63941e-07 7.26271e-07 0.999999
6.29032 15 2.3198e-08 1.7845e-08 2.3198e-08 6.50141e-07 7.2627e-07 0.999999
6.77419 0 2.3198e-08 1.7845e-08 2.3198e-08 6.45211e-07 7.2627e-07 0.999998
6.77419 0.483871 2.3198e-08 1.7845e-08 2.3198e-08 6.4687e-07 7.2627e-07 0.999999
6.77419 0.967742 2.3198e-08 1.7845e-08 2.3198e-08 6.59918e-07 7.26271e-07 0.999999
6.77419 1.45161 2.3198e-08 1.7845e-08 2.3198e-08 7.44667e-07 7.26277e-07 0.999998
6.77419 1.93548 2.3198e-08 1.7845e-08 2.3198e-08 1.26626e-06 7.26324e-07 0.999998
6.77419 2.41935 2.31978e-08 1.78448e-08 2.31978e-08 4.29238e-06 7.26702e-07 0.999995
6.77419 2.90323 2.31974e-08 1.78444e-08 2.31974e-08 2.07003e-05 7.29683e-07 0.999979
6.77419 3.3871 2.31972e-08 1.78439e-08 2.31971e-08 0.000103064 7.53178e-07 0.999896
6.77419 3.87097 2.32001e-08 1.78449e-08 2.31997e-08 0.00048185 9.38844e-07 0.999517
6.77419 4.35484 2.3217e-08 1.78547e-08 2.32157e-08 0.00205927 2.41016e-06 0.997938
6.77419 4.83871 2.32783e-08 1.78906e-08 2.32741e-08 0.00792836 1.40874e-05 0.992058
6.77419 5.32258 2.34809e-08 1.79848e-08 2.34614e-08 0.0271134 0.000106533 0.97278
6.77419 5.80645 2.42513e-08 1.8224e-08 2.41586e-08 0.0806435 0.000830786 0.918526
6.77419 6.29032 2.75506e-08 1.9284e-08 2.72613e-08 0.198748 0.0065557 0.794696
6.77419 6.77419 3.85865e-08 2.64228e-08 3.86483e-08 0.354007 0.0661954 0.579797
6.77419 7.25806 7.30204e-09 1.87191e-08 7.70373e-09 0.0297997 0.95457 0.015631
6.77419 7.74194 3.54751e-09 6.48635e-09 3.55705e-09 0.00796333 0.989636 0.00239934
6.77419 8.22581 7.30204e-09 1.87191e-08 7.70373e-09 0.0297997 0.95457 0.015631
6.77419 8.70968 3.85865e-08 2.64228e-08 3.86483e-08 0.354007 0.0661954 0.579797
6.77419 9.19355 2.75506e-08 1.9284e-08 2.72613e-08 0.198748 0.0065557 0.794696
6.77419 9.67742 2.42513e-08 1.8224e-08 2.41586e-08 0.0806435 0.000830786 0.918526
6.77419 10.1613 2.34809e-08 1.79848e-08 2.34614e-08 0.0271134 0.000106533 0.97278
6.77419 10.6452 2.32783e-08 1.78906e-08 2.32741e-08 0.00792836 1.40874e-05 0.992058
6.77419 11.129 2.3217e-08 1.78547e-08 2.32157e-08 0.00205927 2.41016e-06 0.997938
6.77419 11.6129 2.32001e-08 1.78449e-08 2.31997e-08 0.00048185 9.38844e-07 0.999517
6.77419 12.0968 2.31972e-08 1.78439e-08 2.31971e-08 0.000103064 7.53178e-07 0.999896
6.77419 12.5806 2.31974e-08 1.78444e-08 2.31974e-08 2.07003e-05 7.29683e-07 0.999979
6.77419 13.0645 2.31978e-08 1.78448e-08 2.31978e-08 4.29239e-06 7.26702e-07 0.999995
6.77419 13.5484 2.3198e-08 1.7845e-08 2.3198e-08 1.26627e-06 7.26324e-07 0.999998
6.77419 14.0323 2.3198e-08 1.7845e-08 2.3198e-08 7.4471e-07 7.26277e-07 0.999998
6.77419 14.5161 2.3198e-08 1.7845e-08 2.3198e-08 6.60232e-07 7.26271e-07 0.999999
6.77419 15 2.3198e-08 1.7845e-08 2.3198e-08 6.4908e-07 7.2627e-07 0.999999
7.25806 0 2.3198e-08 1.7845e-08 2.3198e-08 6.45037e-07 7.2627e-07 0.999998
7.25806 0.483871 2.3198e-08 1.7845e-08 2.3198e-08 6.4624e-07 7.2627e-07 0.999999
7.25806 0.967742 2.3198e-08 1.7845e-08 2.3198e-08 6.55671e-07 7.26271e-07 0.999999
7.25806 1.45161 2.3198e-08 1.7845e-08 2.3198e-08 7.1675e-07 7.26275e-07 0.999999
7.25806 1.93548 2.3198e-08 1.7845e-08 2.3198e-08 1.09182e-06 7.2631e-07 0.999998
7.25806 2.41935 2.31979e-08 1.78449e-08 2.31979e-08 3.26414e-06 7.26585e-07 0.999996
7.25806 2.90323 2.31975e-08 1.78445e-08 2.31975e-08 1.50295e-05 7.28737e-07 0.999984
7.25806 3.3871 2.31972e-08 1.7844e-08 2.31971e-08 7.40572e-05 7.45537e-07 0.999925
7.25806 3.87097 2.3199e-08 1.78445e-08 2.31987e-08 0.000345545 8.77075e-07 0.999653
7.25806 4.35484 2.3211e-08 1.78511e-08 2.321e-08 0.001477 1.91114e-06 0.998521
